camera1:
  name: "camera1"
  image_width: 1920
  image_height: 1080
  pixel_size_um: 3 
  sensor_width_um: 5856
  sensor_height_um: 3276
  lense_focal_mm: 2.1
  FOV: 150
  intrinsics:
    fx: 743.97
    fy: 741.26
    cx: 935.75
    cy: 551.60
    distortion_coeffs: [-0.00628729, -0.03344213, -0.00081306, 0.00060377, 0.00957155]
  calibration_error: 0.2037123262382416
  average_reprojection_error: 0.0204

camera2:
  name: "camera2"
  image_width: 1920
  image_height: 1080
  pixel_size_um: 3 
  sensor_width_um: 5856
  sensor_height_um: 3276
  lense_focal_mm: 2.1
  FOV: 150
  intrinsics:
    fx: 743.97
    fy: 741.26
    cx: 935.75
    cy: 551.60
    distortion_coeffs: [-0.00628729, -0.03344213, -0.00081306, 0.00060377, 0.00957155]
  calibration_error: 0.2037123262382416
  average_reprojection_error: 0.0204

camera2:
  name: "camera2"
  image_width: 1920
  image_height: 1080
  pixel_size_um: 3 
  sensor_width_um: 5856
  sensor_height_um: 3276
  lense_focal_mm: 2.1
  FOV: 150
  intrinsics:
    fx: 743.97
    fy: 741.26
    cx: 935.75
    cy: 551.60
    distortion_coeffs: [-0.00628729, -0.03344213, -0.00081306, 0.00060377, 0.00957155]
  calibration_error: 0.2037123262382416
  average_reprojection_error: 0.0204