Cam1 -> Cam2 外参:
R12:
 [[ 0.83881434 -0.00607487  0.54438369]
 [ 0.00979589  0.99994427 -0.00393547]
 [-0.54432945  0.00863385  0.8388271 ]]
t12:
 [[ 58.38541299]
 [-10.28852733]
 [-17.30317975]]
Cam2 -> Cam2 外参:
R22:
 [[ 1.00000000e+00 -2.54509469e-17  1.85342700e-17]
 [-2.54509469e-17  1.00000000e+00 -4.71911788e-18]
 [ 1.85342700e-17 -4.71911788e-18  1.00000000e+00]]
t22:
 [[-2.84217094e-14]
 [-1.42108547e-14]
 [ 2.27373675e-13]]
Cam3 -> Cam2 外参:
R32:
 [[ 0.80269553 -0.00775272 -0.59633865]
 [-0.00681713  0.9997309  -0.02217317]
 [ 0.59635008  0.02186363  0.80242667]]
t32:
 [[-71.63341886]
 [  3.54718216]
 [-12.94569626]]




Cam0 -> Cam1 外参:
[0.82657826, -0.02361176, -0.56232631;
 0.01889273, 0.99972057, -0.01420677;
 0.56250465, 0.0011191299, 0.82679337]
[-674.01227;
 35.560795;
 -109.31264]
Cam1 -> Cam1 外参:
[1, 6.0684319e-18, 3.8632395e-17;
 6.0684319e-18, 1, 8.3269154e-18;
 3.8632395e-17, 8.3269154e-18, 1]
[0;
 0;
 0]
Cam2 -> Cam1 外参:
[0.81171775, 0.038365331, 0.58278847;
 -0.01525075, 0.99889225, -0.044516191;
 -0.58385074, 0.027246621, 0.81140369]
[676.81128;
 -6.1645126;
 -346.00076]